{
  "nX": 16,
  "DX": 2,
  "DY": 1,
  "X": [
    [
      0.5466506078116019,
      0.7405379033951585
    ],
    [
      0.6022928936278866,
      0.5479804433818865
    ],
    [
      0.41756566031672404,
      0.6621889104046206
    ],
    [
      0.4319351335992524,
      0.9401929919415408
    ],
    [
      0.9745137331068474,
      0.3654456922826828
    ],
    [
      0.7971823046317001,
      0.5299032409029939
    ],
    [
      0.566484945445456,
      0.9784358413693042
    ],
    [
      0.053885228855070605,
      0.030418935446443793
    ],
    [
      0.0014734122557061372,
      0.8733112082159229
    ],
    [
      0.783188378776568,
      0.9155889851529335
    ],
    [
      0.989938473151456,
      0.8354780584487125
    ],
    [
      0.4565767841041593,
      0.8144146563434316
    ],
    [
      0.1026054695335997,
      0.655435407091253
    ],
    [
      0.1284710578343302,
      1.0
    ],
    [
      0.5188395247791672,
      0.40074520332141184
    ],
    [
      0.25347551334571866,
      0.8072966355306401
    ]
  ],
  "Y": [
    0.12198073608210651,
    -0.22867625110123513,
    -0.38675281141320234,
    0.484069683952157,
    0.6567210343443561,
    0.3216000797167893,
    0.8493142982777245,
    -2.9885538802195777,
    -0.14855443857278153,
    1.1695472778560863,
    1.5488725432680353,
    0.14268412434104027,
    -0.8664142783144493,
    0.33480706484827133,
    -0.8042230677250732,
    -0.20642211534024854
  ],
  "K": [
    [
      0.0870543611921501,
      0.0870543597577868,
      0.08705436038379954,
      0.08705435930263532,
      0.08705434969647867,
      0.08705435738850482,
      0.08705435915595719,
      0.08705433460090695,
      0.08705435005900897,
      0.08705435811971503,
      0.08705435392543483,
      0.08705436071032555,
      0.08705435396496283,
      0.0870543526068894,
      0.08705435703944349,
      0.08705435799499985
    ],
    [
      0.0870543597577868,
      0.0870543611921501,
      0.08705435951990917,
      0.0870543546703669,
      0.0870543551051427,
      0.08705435983794245,
      0.08705435452669362,
      0.08705434099654678,
      0.08705434465542587,
      0.08705435520741557,
      0.08705435292854515,
      0.08705435790523798,
      0.08705435195569816,
      0.08705434595971448,
      0.08705436017132982,
      0.08705435448948638
    ],
    [
      0.08705436038379954,
      0.08705435951990917,
      0.0870543611921501,
      0.08705435842329788,
      0.08705434708509183,
      0.08705435547378824,
      0.08705435683491332,
      0.08705434226083415,
      0.0870543534810253,
      0.08705435417357842,
      0.08705434854224672,
      0.08705436031030088,
      0.08705435768439146,
      0.08705435416133704,
      0.08705435838729439,
      0.08705435948803737
    ],
    [
      0.08705435930263532,
      0.0870543546703669,
      0.08705435842329788,
      0.0870543611921501,
      0.08705433899043111,
      0.08705435046374738,
      0.08705436049996378,
      0.08705432658081022,
      0.08705435448364608,
      0.08705435680990747,
      0.08705434979708289,
      0.08705436060535601,
      0.08705435446199808,
      0.08705435780948294,
      0.08705435052893315,
      0.08705435943536431
    ],
    [
      0.08705434969647867,
      0.0870543551051427,
      0.08705434708509183,
      0.08705433899043111,
      0.0870543611921501,
      0.08705435911423061,
      0.0870543418866501,
      0.08705432723909168,
      0.0870543185322775,
      0.08705434908614981,
      0.08705435329048182,
      0.08705434451216698,
      0.08705433132884109,
      0.08705432152371935,
      0.08705435380945079,
      0.08705433584921117
    ],
    [
      0.08705435738850482,
      0.08705435983794245,
      0.08705435547378824,
      0.08705435046374738,
      0.08705435911423061,
      0.0870543611921501,
      0.08705435212377295,
      0.08705433276055963,
      0.08705433460908969,
      0.0870543558703892,
      0.08705435654268363,
      0.08705435420006734,
      0.08705434358194339,
      0.08705433749817706,
      0.08705435785780993,
      0.08705434799680964
    ],
    [
      0.08705435915595719,
      0.08705435452669362,
      0.08705435683491332,
      0.08705436049996378,
      0.0870543418866501,
      0.08705435212377295,
      0.0870543611921501,
      0.08705431981176709,
      0.08705434951593402,
      0.08705435939115588,
      0.08705435412483728,
      0.08705435980384084,
      0.08705434986061351,
      0.08705435439506151,
      0.08705434918955196,
      0.08705435668292798
    ],
    [
      0.08705433460090695,
      0.08705434099654678,
      0.08705434226083415,
      0.08705432658081022,
      0.08705432723909168,
      0.08705433276055963,
      0.08705431981176709,
      0.0870543611921501,
      0.0870543357177072,
      0.08705431442075547,
      0.08705430709600004,
      0.08705433350834635,
      0.08705434715285737,
      0.08705432741895476,
      0.08705434865332569,
      0.08705433822605602
    ],
    [
      0.08705435005900897,
      0.08705434465542587,
      0.0870543534810253,
      0.08705435448364608,
      0.0870543185322775,
      0.08705433460908969,
      0.08705434951593402,
      0.0870543357177072,
      0.0870543611921501,
      0.08705433953637831,
      0.08705432662162217,
      0.08705435374841952,
      0.08705435913443708,
      0.08705436004853365,
      0.08705434375640235,
      0.0870543587918325
    ],
    [
      0.08705435811971503,
      0.08705435520741557,
      0.08705435417357842,
      0.08705435680990747,
      0.08705434908614981,
      0.0870543558703892,
      0.08705435939115588,
      0.08705431442075547,
      0.08705433953637831,
      0.0870543611921501,
      0.08705435945193785,
      0.0870543570561353,
      0.08705434240744199,
      0.08705434579035065,
      0.08705434925326683,
      0.08705435085713441
    ],
    [
      0.08705435392543483,
      0.08705435292854515,
      0.08705434854224672,
      0.08705434979708289,
      0.08705435329048182,
      0.08705435654268363,
      0.08705435412483728,
      0.08705430709600004,
      0.08705432662162217,
      0.08705435945193785,
      0.0870543611921501,
      0.08705435112312751,
      0.08705433221570606,
      0.08705433400443607,
      0.08705434659811616,
      0.0870543419988043
    ],
    [
      0.08705436071032555,
      0.08705435790523798,
      0.08705436031030088,
      0.08705436060535601,
      0.08705434451216698,
      0.08705435420006734,
      0.08705435980384084,
      0.08705433350834635,
      0.08705435374841952,
      0.0870543570561353,
      0.08705435112312751,
      0.0870543611921501,
      0.08705435586085222,
      0.08705435615679537,
      0.08705435494119872,
      0.08705435973229435
    ],
    [
      0.08705435396496283,
      0.08705435195569816,
      0.08705435768439146,
      0.08705435446199808,
      0.08705433132884109,
      0.08705434358194339,
      0.08705434986061351,
      0.08705434715285737,
      0.08705435913443708,
      0.08705434240744199,
      0.08705433221570606,
      0.08705435586085222,
      0.0870543611921501,
      0.08705435692646299,
      0.08705435275189308,
      0.08705435956354188
    ],
    [
      0.0870543526068894,
      0.08705434595971448,
      0.08705435416133704,
      0.08705435780948294,
      0.08705432152371935,
      0.08705433749817706,
      0.08705435439506151,
      0.08705432741895476,
      0.08705436004853365,
      0.08705434579035065,
      0.08705433400443607,
      0.08705435615679537,
      0.08705435692646299,
      0.0870543611921501,
      0.08705434297942767,
      0.08705435931291791
    ],
    [
      0.08705435703944349,
      0.08705436017132982,
      0.08705435838729439,
      0.08705435052893315,
      0.08705435380945079,
      0.08705435785780993,
      0.08705434918955196,
      0.08705434865332569,
      0.08705434375640235,
      0.08705434925326683,
      0.08705434659811616,
      0.08705435494119872,
      0.08705435275189308,
      0.08705434297942767,
      0.0870543611921501,
      0.08705435279843572
    ],
    [
      0.08705435799499985,
      0.08705435448948638,
      0.08705435948803737,
      0.08705435943536431,
      0.08705433584921117,
      0.08705434799680964,
      0.08705435668292798,
      0.08705433822605602,
      0.0870543587918325,
      0.08705435085713441,
      0.0870543419988043,
      0.08705435973229435,
      0.08705435956354188,
      0.08705435931291791,
      0.08705435279843572,
      0.0870543611921501
    ]
  ],
  "invK": [
    [
      16241664353827.59,
      -6050915989649.598,
      -2302135961461.145,
      4249014847311.3613,
      100659144259.096,
      -228543702081.90787,
      -909484327601.7565,
      -75592823150.17882,
      -205754257686.56348,
      -1730004120426.8606,
      561341098127.199,
      -14375478978921.844,
      14841760729.967985,
      -337992433425.9679,
      2338619049184.947,
      2709762329967.2773
    ],
    [
      -6050237812079.732,
      10796303065995.383,
      -2537189368926.702,
      -1102351443732.2751,
      878089729399.0824,
      -4228704137185.871,
      373943148293.1185,
      179977258847.58704,
      -360306893458.1258,
      296097549394.6848,
      179067283464.2488,
      4348379158162.045,
      518886807572.1892,
      122206472102.34926,
      -3630132631500.983,
      215971832246.19745
    ],
    [
      -2303031985609.4526,
      -2537113207784.958,
      8778855304379.168,
      2534577134970.359,
      -36378639811.69621,
      1652433963425.0015,
      -137864988982.21365,
      98169593619.33722,
      1016748991390.1915,
      744542253078.5204,
      -453291727882.4206,
      -4435725602684.818,
      -1291693494772.5027,
      -316389154731.6004,
      -1055156177355.6976,
      -2258682250168.2974
    ],
    [
      4245654759862.307,
      -1101810988100.5164,
      2532319759065.7944,
      15174638272546.7,
      111893172937.86835,
      -161508285342.41428,
      -8110764146168.349,
      -54750815454.26472,
      1412889166672.827,
      2392865605207.43,
      -450844929119.29913,
      -11601090199103.07,
      139321653114.82993,
      -2526139722101.705,
      124189923651.57172,
      -2126863238106.5537
    ],
    [
      100532458818.39163,
      878142474118.3217,
      -36716492656.80326,
      111626530618.22438,
      538773882118.93915,
      -1110382698401.1003,
      -196199224411.95673,
      -13642633294.196943,
      -31498411662.322926,
      440696666768.25824,
      -233798075990.503,
      -136458748701.9127,
      131522638122.20988,
      -2561768766.2961597,
      -368093046116.629,
      -71943538418.50806
    ],
    [
      -228570737301.45532,
      -4228722758205.697,
      1653294185829.4902,
      -160403855216.8577,
      -1110304718484.3535,
      4036494814989.325,
      558992462654.4534,
      25140608776.2763,
      5861429098.591412,
      -441547090366.3657,
      -232979123101.87576,
      -252677895158.63992,
      -142691882283.86346,
      58960603501.51838,
      676087312077.8412,
      -216933381538.79816
    ],
    [
      -906979535360.1405,
      372962802218.9742,
      -134376944336.62527,
      -8107593464125.881,
      -196217598281.44553,
      559655951190.9119,
      8144338234939.487,
      26007570475.80743,
      7539779356.651939,
      -4092389032912.7646,
      964738345387.2794,
      1837776162985.029,
      -434930371973.38385,
      117003466679.9884,
      -253137579282.4747,
      2095602226492.9158
    ],
    [
      -75466781150.35135,
      179955127676.6642,
      98231656197.73634,
      -54568537444.91087,
      -13632922013.854237,
      25126057830.19457,
      25937092805.652027,
      71004764687.61581,
      6199640033.877273,
      -25872599481.0543,
      12062469352.16412,
      -18559339582.20144,
      -166720892551.00122,
      12732213523.597101,
      -219408067487.67337,
      142980124872.64856
    ],
    [
      -205942795810.7945,
      -360118666848.5641,
      1016651209629.9337,
      1412818001631.8696,
      -31493208085.052444,
      5684884896.521638,
      7578672389.370087,
      6191026029.496145,
      2498600540245.1045,
      11129605.391776623,
      12441348282.64579,
      -1187242709442.0334,
      -1778200115403.5342,
      -2282388708835.445,
      352379706472.1124,
      533029695252.1991
    ],
    [
      -1731520306253.6523,
      297108544449.7195,
      742128725543.9752,
      2390432315347.7007,
      440715867679.4757,
      -442089499745.55725,
      -4091759425927.9077,
      -25884869491.18776,
      290309735.2019776,
      4444201633526.221,
      -1790921055312.9985,
      417091145362.95966,
      81877798309.81337,
      66457833403.935165,
      -171028507681.39957,
      -627100518142.712
    ],
    [
      561897562883.9614,
      178680603917.49857,
      -452635119269.2968,
      -450293589088.4009,
      -233829739232.2957,
      -232746330338.08508,
      964652080442.8279,
      12066237824.538212,
      12250701089.95892,
      -1790986223736.3423,
      1068475071190.7122,
      57157262200.35277,
      -89467622052.84668,
      -5666066377.441927,
      234754108364.3006,
      165691073509.48492
    ],
    [
      -14374639806353.266,
      4349007307714.7476,
      -4437388226058.621,
      -11608520956471.662,
      -137041499065.57808,
      -251626104206.60187,
      1844493307315.5566,
      -18315309084.677486,
      -1187812202617.4285,
      413034486450.6136,
      58392047913.3203,
      25850256796227.543,
      1459451706379.309,
      2589142690287.2476,
      -436493556132.42975,
      -4111940680064.098
    ],
    [
      14050643073.314228,
      518890195610.077,
      -1291948888107.4956,
      138631263529.8665,
      131504126042.86641,
      -142606072325.4539,
      -434988883108.746,
      -166725431616.8063,
      -1778266383267.5637,
      82232100509.5853,
      -89615514741.87062,
      1460805157124.1921,
      2559500854972.6187,
      1436661118654.6824,
      -259584913854.131,
      -2178539385031.7747
    ],
    [
      -337829262177.6747,
      122043988608.7019,
      -316517686415.0094,
      -2526419862853.809,
      -2587416381.5660105,
      59155191909.541,
      117029016362.06055,
      12752355370.474905,
      -2282460103493.7944,
      66740824468.51818,
      -5849841967.931138,
      2588851651622.814,
      1436541408858.5034,
      2824952855085.785,
      -253493445138.5159,
      -1502909665880.1562
    ],
    [
      2338369269616.1504,
      -3630081012421.8774,
      -1055470587398.7864,
      123073324841.6875,
      -368204809864.61896,
      676330433977.194,
      -252256017015.82983,
      -219397516490.49957,
      352351634794.76605,
      -171455472670.5973,
      234858996076.55853,
      -435952592402.31476,
      -259677556415.15768,
      -253482646880.8744,
      2597142763613.8447,
      323851775140.5803
    ],
    [
      2712049963021.502,
      215668531289.7399,
      -2257101554936.3296,
      -2124659992293.244,
      -71945359072.7441,
      -216674493322.02383,
      2096353011459.8677,
      142999990219.58853,
      533366069775.2094,
      -628167718608.7301,
      165923619651.5378,
      -4117131265456.6353,
      -2178562705141.2976,
      -1503496744138.76,
      323355047687.4344,
      6908023587185.115
    ]
  ],
  "meanfunction": -3.7900643790119855,
  "matern": 3,
  "sf2": 0.0870543611921501,
  "ell": [
    1921.947488860192,
    1911.5196672684963
  ],
  "problemLowerBound": [
    0.018789800436355142,
    0.06022547162926983
  ],
  "problemUpperBound": [
    0.9883738380592262,
    0.9446689170495839
  ],
  "stdOfOutput": 0.27904683367496114,
  "meanOfOutput": 1.0576054643875523
}